1 0.09975961538461539 0.3918269230769231 0.1622596153846154 0.6201923076923077
1 0.24519230769230768 0.3870192307692308 0.1045673076923077 0.4014423076923077
1 0.33653846153846156 0.39302884615384615 0.08774038461538461 0.32211538461538464
1 0.4182692307692308 0.39302884615384615 0.0733173076923077 0.25600961538461536
1 0.47836538461538464 0.39302884615384615 0.057692307692307696 0.21995192307692307
1 0.5420673076923077 0.3918269230769231 0.04807692307692308 0.203125
1 0.5973557692307693 0.390625 0.040865384615384616 0.18629807692307693
1 0.6610576923076923 0.39302884615384615 0.042067307692307696 0.17668269230769232
1 0.7223557692307693 0.3918269230769231 0.04326923076923077 0.17067307692307693
1 0.7896634615384616 0.39302884615384615 0.04927884615384615 0.16947115384615385
1 0.859375 0.3858173076923077 0.051682692307692304 0.17908653846153846
1 0.9555288461538461 0.3894230769230769 0.07692307692307693 0.1935096153846154