0 0.25841346153846156 0.6346153846153846 0.15625 0.7043269230769231
0 0.36658653846153844 0.6430288461538461 0.10817307692307693 0.6826923076923077
0 0.44591346153846156 0.609375 0.14423076923076922 0.7115384615384616
0 0.5264423076923077 0.5961538461538461 0.11177884615384616 0.7283653846153846
0 0.6370192307692307 0.5757211538461539 0.12980769230769232 0.7151442307692307
0 0.7067307692307693 0.5877403846153846 0.10216346153846154 0.7019230769230769
0 0.7992788461538461 0.5865384615384616 0.0985576923076923 0.6454326923076923
0 0.2692307692307692 0.19110576923076922 0.08653846153846154 0.24759615384615385
0 0.28125 0.23918269230769232 0.09375 0.14182692307692307
0 0.3425480769230769 0.19230769230769232 0.07572115384615384 0.203125
0 0.41466346153846156 0.24158653846153846 0.12259615384615384 0.22716346153846154
0 0.5240384615384616 0.24278846153846154 0.1201923076923077 0.2403846153846154
0 0.5769230769230769 0.24519230769230768 0.0625 0.19230769230769232
0 0.6394230769230769 0.22235576923076922 0.07572115384615384 0.14182692307692307
0 0.7199519230769231 0.22235576923076922 0.08413461538461539 0.21033653846153846