1 0.08413461538461539 0.5072115384615384 0.07692307692307693 0.546875
1 0.12740384615384615 0.5300480769230769 0.036057692307692304 0.21394230769230768
1 0.1658653846153846 0.45072115384615385 0.039663461538461536 0.18028846153846154
1 0.20793269230769232 0.35096153846153844 0.051682692307692304 0.27403846153846156
1 0.24519230769230768 0.49158653846153844 0.12139423076923077 0.609375
1 0.29927884615384615 0.5204326923076923 0.1622596153846154 0.8689903846153846
1 0.38461538461538464 0.5096153846153846 0.037259615384615384 0.28846153846153844
1 0.4170673076923077 0.5024038461538461 0.039663461538461536 0.29447115384615385
1 0.4543269230769231 0.5540865384615384 0.10216346153846154 0.43990384615384615
1 0.5348557692307693 0.59375 0.039663461538461536 0.21394230769230768
1 0.5733173076923077 0.4795673076923077 0.04326923076923077 0.2644230769230769
1 0.6262019230769231 0.484375 0.042067307692307696 0.27524038461538464
1 0.6622596153846154 0.4266826923076923 0.03245192307692308 0.20192307692307693
1 0.6526442307692307 0.5444711538461539 0.08533653846153846 0.29086538461538464
1 0.6971153846153846 0.5252403846153846 0.054086538461538464 0.4110576923076923
1 0.7259615384615384 0.5300480769230769 0.051682692307692304 0.4807692307692308
1 0.7692307692307693 0.47836538461538464 0.06129807692307692 0.45913461538461536
1 0.8677884615384616 0.5348557692307693 0.19591346153846154 0.9266826923076923