0 0.6165865384615384 0.3786057692307692 0.1466346153846154 0.23317307692307693
0 0.4675480769230769 0.38221153846153844 0.10697115384615384 0.25961538461538464
0 0.39663461538461536 0.4050480769230769 0.11177884615384616 0.27403846153846156
0 0.7355769230769231 0.42427884615384615 0.08653846153846154 0.24519230769230768
0 0.3233173076923077 0.4483173076923077 0.13581730769230768 0.3016826923076923
0 0.7704326923076923 0.49278846153846156 0.10096153846153846 0.30649038461538464
0 0.24879807692307693 0.4951923076923077 0.19831730769230768 0.3545673076923077
0 0.8064903846153846 0.6021634615384616 0.14423076923076922 0.3485576923076923
0 0.1622596153846154 0.6394230769230769 0.19110576923076922 0.44711538461538464
0 0.09014423076923077 0.6959134615384616 0.16826923076923078 0.5120192307692307
0 0.859375 0.7079326923076923 0.20192307692307693 0.5096153846153846
0 0.6814903846153846 0.9302884615384616 0.19951923076923078 0.1346153846153846